0,1.000000	0,1.000000	
0,1.000000	0,1.000000	
0,1.000000	0,1.000000	
0,1.000000	0,1.000000	
1,1.000000	1,1.000000	
1,1.000000	1,1.000000	
1,1.000000	1,1.000000	
1,1.000000	1,1.000000	
1,1.000000	1,1.000000	
1,1.000000	1,1.000000	
1,1.000000	1,1.000000	
0,0.998988	1,0.001012	
0,0.999237	1,0.000763	
0,0.996272	1,0.003728	
0,0.995588	1,0.004412	
0,0.998730	1,0.001270	
0,0.999074	1,0.000926	
0,0.995301	1,0.004699	
0,0.998634	1,0.001366	
0,0.995798	1,0.004202	
0,0.998118	1,0.001882	
0,0.998742	1,0.001258	
0,0.996526	1,0.003474	
0,0.994849	1,0.005151	
0,0.995684	1,0.004316	
0,0.995452	1,0.004548	
0,0.998440	1,0.001560	
0,0.997881	1,0.002119	
0,0.994428	1,0.005572	
0,0.997317	1,0.002683	
0,0.995557	1,0.004443	
0,0.996374	1,0.003626	
0,0.998082	1,0.001918	
0,0.998462	1,0.001538	
0,0.993835	1,0.006165	
0,0.998557	1,0.001443	
0,0.995808	1,0.004192	
0,0.998399	1,0.001601	
0,0.997519	1,0.002481	
0,0.998464	1,0.001536	
0,0.995370	1,0.004630	
0,0.878675	1,0.121325	
0,0.828799	1,0.171201	
0,0.096900	1,0.903100	
0,0.044218	1,0.955782	
0,0.032786	1,0.967214	
0,0.023692	1,0.976308	
0,0.960861	1,0.039139	
0,0.958934	1,0.041066	
0,0.157679	1,0.842321	
0,0.100368	1,0.899632	
0,0.875239	1,0.124761	
0,0.366758	1,0.633242	
0,0.293566	1,0.706434	
0,0.031676	1,0.968324	
0,0.016264	1,0.983736	
0,0.015582	1,0.984418	
0,0.005457	1,0.994543	
0,0.041349	1,0.958651	
0,0.013376	1,0.986624	
0,0.011310	1,0.988690	
0,0.011237	1,0.988763	
0,0.012761	1,0.987239	
0,0.131680	1,0.868320	
0,0.078491	1,0.921509	
0,0.053470	1,0.946530	
0,0.015958	1,0.984042	
0,0.011667	1,0.988333	
0,0.012466	1,0.987534	
0,0.013985	1,0.986015	
0,0.013050	1,0.986950	
0,0.092067	1,0.907933	
0,0.017764	1,0.982236	
0,0.010936	1,0.989064	
0,0.010794	1,0.989206	
0,0.011750	1,0.988250	
0,0.067007	1,0.932993	
0,0.041391	1,0.958609	
0,0.014264	1,0.985736	
0,0.012220	1,0.987780	
0,0.009938	1,0.990062	
0,0.008435	1,0.991565	
0,0.009560	1,0.990440	
0,0.006932	1,0.993068	
0,0.070330	1,0.929670	
0,0.034297	1,0.965703	
0,0.018951	1,0.981049	
0,0.011142	1,0.988858	
0,0.010829	1,0.989171	
0,0.009812	1,0.990188	
0,0.003382	1,0.996618	
