0,1.000000	0,1.000000	
0,1.000000	0,1.000000	
0,1.000000	0,1.000000	
0,1.000000	0,1.000000	
1,1.000000	1,1.000000	
1,1.000000	1,1.000000	
1,1.000000	1,1.000000	
1,1.000000	1,1.000000	
1,1.000000	1,1.000000	
1,1.000000	1,1.000000	
1,1.000000	1,1.000000	
0,0.999620	1,0.000380	
0,0.999709	1,0.000291	
0,0.995160	1,0.004840	
0,0.997231	1,0.002769	
0,0.999431	1,0.000569	
0,0.999094	1,0.000906	
0,0.995854	1,0.004146	
0,0.998716	1,0.001284	
0,0.995463	1,0.004537	
0,0.999045	1,0.000955	
0,0.999076	1,0.000924	
0,0.997526	1,0.002474	
0,0.992487	1,0.007513	
0,0.995342	1,0.004658	
0,0.997642	1,0.002358	
0,0.999232	1,0.000768	
0,0.998474	1,0.001526	
0,0.995646	1,0.004354	
0,0.996643	1,0.003357	
0,0.995772	1,0.004228	
0,0.998101	1,0.001899	
0,0.998145	1,0.001855	
0,0.998993	1,0.001007	
0,0.994313	1,0.005687	
0,0.998856	1,0.001144	
0,0.998264	1,0.001736	
0,0.999218	1,0.000782	
0,0.996990	1,0.003010	
0,0.998738	1,0.001262	
0,0.993928	1,0.006072	
0,0.970824	1,0.029176	
0,0.784719	1,0.215281	
0,0.067909	1,0.932091	
0,0.020371	1,0.979629	
0,0.019814	1,0.980186	
0,0.009639	1,0.990361	
0,0.976355	1,0.023645	
0,0.942569	1,0.057431	
0,0.176656	1,0.823344	
0,0.033755	1,0.966245	
0,0.955000	1,0.045000	
0,0.393035	1,0.606965	
0,0.095324	1,0.904676	
0,0.009645	1,0.990355	
0,0.010116	1,0.989884	
0,0.006906	1,0.993094	
0,0.001817	1,0.998183	
0,0.013804	1,0.986196	
0,0.004313	1,0.995687	
0,0.009789	1,0.990211	
0,0.003517	1,0.996483	
0,0.006323	1,0.993677	
0,0.235038	1,0.764962	
0,0.075395	1,0.924605	
0,0.019863	1,0.980137	
0,0.004118	1,0.995882	
0,0.007777	1,0.992223	
0,0.013388	1,0.986612	
0,0.012045	1,0.987955	
0,0.011325	1,0.988675	
0,0.101926	1,0.898074	
0,0.005106	1,0.994894	
0,0.004424	1,0.995576	
0,0.011389	1,0.988611	
0,0.008789	1,0.991211	
0,0.088218	1,0.911782	
0,0.031815	1,0.968185	
0,0.008365	1,0.991635	
0,0.005183	1,0.994817	
0,0.006264	1,0.993736	
0,0.005767	1,0.994233	
0,0.004171	1,0.995829	
0,0.003375	1,0.996625	
0,0.057453	1,0.942547	
0,0.029910	1,0.970090	
0,0.015757	1,0.984243	
0,0.008577	1,0.991423	
0,0.008924	1,0.991076	
0,0.003412	1,0.996588	
0,0.000855	1,0.999145	
