0,1.000000	0,1.000000	
0,1.000000	0,1.000000	
0,1.000000	0,1.000000	
0,1.000000	0,1.000000	
1,1.000000	1,1.000000	
1,1.000000	1,1.000000	
1,1.000000	1,1.000000	
1,1.000000	1,1.000000	
1,1.000000	1,1.000000	
1,1.000000	1,1.000000	
1,1.000000	1,1.000000	
0,0.998744	1,0.001256	
0,0.999213	1,0.000787	
0,0.995531	1,0.004469	
0,0.995299	1,0.004701	
0,0.998372	1,0.001628	
0,0.998660	1,0.001340	
0,0.995230	1,0.004770	
0,0.998319	1,0.001681	
0,0.995520	1,0.004480	
0,0.998060	1,0.001940	
0,0.998283	1,0.001717	
0,0.996400	1,0.003600	
0,0.995419	1,0.004581	
0,0.995501	1,0.004499	
0,0.995387	1,0.004613	
0,0.998568	1,0.001432	
0,0.997519	1,0.002481	
0,0.994749	1,0.005251	
0,0.997075	1,0.002925	
0,0.995355	1,0.004645	
0,0.995684	1,0.004316	
0,0.997584	1,0.002416	
0,0.997896	1,0.002104	
0,0.995133	1,0.004867	
0,0.997937	1,0.002063	
0,0.995876	1,0.004124	
0,0.997977	1,0.002023	
0,0.997176	1,0.002824	
0,0.997920	1,0.002080	
0,0.995167	1,0.004833	
0,0.889271	1,0.110729	
0,0.827488	1,0.172512	
0,0.125388	1,0.874612	
0,0.056246	1,0.943754	
0,0.050132	1,0.949868	
0,0.033448	1,0.966552	
0,0.963921	1,0.036079	
0,0.955448	1,0.044552	
0,0.191549	1,0.808451	
0,0.117602	1,0.882398	
0,0.893443	1,0.106557	
0,0.387653	1,0.612347	
0,0.281656	1,0.718344	
0,0.039067	1,0.960933	
0,0.026956	1,0.973044	
0,0.023529	1,0.976471	
0,0.006190	1,0.993810	
0,0.047453	1,0.952547	
0,0.021629	1,0.978371	
0,0.018963	1,0.981037	
0,0.015659	1,0.984341	
0,0.017022	1,0.982978	
0,0.104288	1,0.895712	
0,0.073425	1,0.926575	
0,0.056350	1,0.943650	
0,0.024284	1,0.975716	
0,0.021200	1,0.978800	
0,0.020111	1,0.979889	
0,0.018097	1,0.981903	
0,0.017542	1,0.982458	
0,0.070190	1,0.929810	
0,0.020912	1,0.979088	
0,0.016657	1,0.983343	
0,0.015412	1,0.984588	
0,0.015374	1,0.984626	
0,0.059418	1,0.940582	
0,0.040505	1,0.959495	
0,0.022402	1,0.977598	
0,0.020024	1,0.979976	
0,0.015870	1,0.984130	
0,0.014458	1,0.985542	
0,0.013751	1,0.986249	
0,0.011849	1,0.988151	
0,0.059325	1,0.940675	
0,0.036395	1,0.963605	
0,0.025035	1,0.974965	
0,0.018982	1,0.981018	
0,0.017404	1,0.982596	
0,0.013992	1,0.986008	
0,0.004551	1,0.995449	
