0,1.000000	1,0.000000	
0,0.998800	1,0.001200	
0,0.998992	1,0.001008	
0,0.995283	1,0.004717	
0,1.000000	1,0.000000	
0,0.995853	1,0.004147	
0,0.998296	1,0.001704	
0,0.998478	1,0.001522	
0,0.995607	1,0.004393	
0,0.998368	1,0.001632	
0,0.995408	1,0.004592	
0,0.997586	1,0.002414	
0,0.998042	1,0.001958	
0,0.997176	1,0.002824	
0,0.994624	1,0.005376	
0,0.995263	1,0.004737	
0,0.995495	1,0.004505	
0,0.998223	1,0.001777	
0,0.997714	1,0.002286	
0,0.995201	1,0.004799	
0,0.996422	1,0.003578	
0,0.995616	1,0.004384	
0,0.995426	1,0.004574	
0,0.997591	1,0.002409	
0,0.998091	1,0.001909	
0,0.995245	1,0.004755	
0,0.998026	1,0.001974	
0,0.994996	1,0.005004	
0,1.000000	1,0.000000	
0,0.997991	1,0.002009	
0,0.997069	1,0.002931	
0,1.000000	1,0.000000	
0,0.997677	1,0.002323	
0,0.994569	1,0.005431	
0,0.897250	1,0.102750	
0,0.794951	1,0.205049	
0,0.145489	1,0.854511	
0,0.061277	1,0.938723	
0,0.056026	1,0.943974	
0,0.035864	1,0.964136	
0,0.000000	1,1.000000	
0,0.965508	1,0.034492	
0,0.945567	1,0.054433	
0,0.219017	1,0.780983	
0,0.129080	1,0.870920	
0,0.000000	1,1.000000	
0,0.000000	1,1.000000	
0,0.872721	1,0.127279	
0,0.442401	1,0.557599	
0,0.276367	1,0.723633	
0,0.052769	1,0.947231	
0,0.028918	1,0.971082	
0,0.023990	1,0.976010	
0,0.000000	1,1.000000	
0,0.008163	1,0.991837	
0,0.062687	1,0.937313	
0,0.000000	1,1.000000	
0,0.021621	1,0.978379	
0,0.018794	1,0.981206	
0,0.015297	1,0.984703	
0,0.016766	1,0.983234	
0,0.123546	1,0.876454	
0,0.081714	1,0.918286	
0,0.061403	1,0.938597	
0,0.029343	1,0.970657	
0,0.019851	1,0.980149	
0,0.017012	1,0.982988	
0,0.016636	1,0.983364	
0,0.016933	1,0.983067	
0,0.074973	1,0.925027	
0,0.024769	1,0.975231	
0,0.000000	1,1.000000	
0,0.015784	1,0.984216	
0,0.014357	1,0.985643	
0,0.013560	1,0.986440	
0,0.071866	1,0.928134	
0,0.041622	1,0.958378	
0,0.022696	1,0.977304	
0,0.017926	1,0.982074	
0,0.014103	1,0.985897	
0,0.013164	1,0.986836	
0,0.012886	1,0.987114	
0,0.011541	1,0.988459	
0,0.059729	1,0.940271	
0,0.038634	1,0.961366	
0,0.023078	1,0.976922	
0,0.017150	1,0.982850	
0,0.015033	1,0.984967	
0,0.012947	1,0.987053	
0,0.000000	1,1.000000	
0,0.005284	1,0.994716	
