0,1.000000	0,1.000000	
0,1.000000	0,1.000000	
0,1.000000	0,1.000000	
0,1.000000	0,1.000000	
1,1.000000	1,1.000000	
1,1.000000	1,1.000000	
1,1.000000	1,1.000000	
1,1.000000	1,1.000000	
1,1.000000	1,1.000000	
1,1.000000	1,1.000000	
1,1.000000	1,1.000000	
0,0.998773	1,0.001227	
0,0.999209	1,0.000791	
0,0.995213	1,0.004787	
0,0.995475	1,0.004525	
0,0.998400	1,0.001600	
0,0.998512	1,0.001488	
0,0.995441	1,0.004559	
0,0.998333	1,0.001667	
0,0.995290	1,0.004710	
0,0.998149	1,0.001851	
0,0.998201	1,0.001799	
0,0.997007	1,0.002993	
0,0.995405	1,0.004595	
0,0.995202	1,0.004798	
0,0.995408	1,0.004592	
0,0.998646	1,0.001354	
0,0.997434	1,0.002566	
0,0.995213	1,0.004787	
0,0.996364	1,0.003636	
0,0.995432	1,0.004568	
0,0.995385	1,0.004615	
0,0.997398	1,0.002602	
0,0.997746	1,0.002254	
0,0.995609	1,0.004391	
0,0.997717	1,0.002283	
0,0.995759	1,0.004241	
0,0.997994	1,0.002006	
0,0.997018	1,0.002982	
0,0.997799	1,0.002201	
0,0.994868	1,0.005132	
0,0.903873	1,0.096127	
0,0.849034	1,0.150966	
0,0.121132	1,0.878868	
0,0.054680	1,0.945320	
0,0.051500	1,0.948500	
0,0.033898	1,0.966102	
0,0.969297	1,0.030703	
0,0.954680	1,0.045320	
0,0.177445	1,0.822555	
0,0.110775	1,0.889225	
0,0.926580	1,0.073420	
0,0.366732	1,0.633268	
0,0.245197	1,0.754803	
0,0.038018	1,0.961982	
0,0.028433	1,0.971567	
0,0.024715	1,0.975285	
0,0.006235	1,0.993765	
0,0.045420	1,0.954580	
0,0.022987	1,0.977013	
0,0.021346	1,0.978654	
0,0.016872	1,0.983128	
0,0.018305	1,0.981695	
0,0.092685	1,0.907315	
0,0.067213	1,0.932787	
0,0.053788	1,0.946212	
0,0.023701	1,0.976299	
0,0.023618	1,0.976382	
0,0.022492	1,0.977508	
0,0.019940	1,0.980060	
0,0.019312	1,0.980688	
0,0.061378	1,0.938622	
0,0.020436	1,0.979564	
0,0.018519	1,0.981481	
0,0.017499	1,0.982501	
0,0.016941	1,0.983059	
0,0.058377	1,0.941623	
0,0.038841	1,0.961159	
0,0.024276	1,0.975724	
0,0.021573	1,0.978427	
0,0.017729	1,0.982271	
0,0.016133	1,0.983867	
0,0.015553	1,0.984447	
0,0.012920	1,0.987080	
0,0.052532	1,0.947468	
0,0.037376	1,0.962624	
0,0.026532	1,0.973468	
0,0.021845	1,0.978155	
0,0.019714	1,0.980286	
0,0.015964	1,0.984036	
0,0.004782	1,0.995218	
