0,1.000000	0,1.000000	
0,1.000000	0,1.000000	
0,1.000000	0,1.000000	
0,1.000000	0,1.000000	
1,1.000000	1,1.000000	
1,1.000000	1,1.000000	
1,1.000000	1,1.000000	
1,1.000000	1,1.000000	
1,1.000000	1,1.000000	
1,1.000000	1,1.000000	
1,1.000000	1,1.000000	
0,0.998713	1,0.001287	
0,0.999248	1,0.000752	
0,0.995335	1,0.004665	
0,0.995278	1,0.004722	
0,0.998398	1,0.001602	
0,0.998568	1,0.001432	
0,0.995181	1,0.004819	
0,0.998296	1,0.001704	
0,0.995368	1,0.004632	
0,0.998234	1,0.001766	
0,0.998279	1,0.001721	
0,0.996363	1,0.003637	
0,0.995655	1,0.004345	
0,0.995372	1,0.004628	
0,0.995317	1,0.004683	
0,0.998733	1,0.001267	
0,0.997312	1,0.002688	
0,0.995024	1,0.004976	
0,0.996940	1,0.003060	
0,0.995256	1,0.004744	
0,0.995487	1,0.004513	
0,0.997336	1,0.002664	
0,0.997599	1,0.002401	
0,0.995606	1,0.004394	
0,0.997618	1,0.002382	
0,0.996040	1,0.003960	
0,0.997956	1,0.002044	
0,0.997008	1,0.002992	
0,0.997867	1,0.002133	
0,0.995181	1,0.004819	
0,0.914822	1,0.085178	
0,0.892500	1,0.107500	
0,0.110669	1,0.889331	
0,0.052143	1,0.947857	
0,0.049090	1,0.950910	
0,0.033523	1,0.966477	
0,0.970583	1,0.029417	
0,0.961060	1,0.038940	
0,0.154325	1,0.845675	
0,0.102108	1,0.897892	
0,0.956096	1,0.043904	
0,0.297647	1,0.702353	
0,0.225602	1,0.774398	
0,0.034428	1,0.965572	
0,0.028273	1,0.971727	
0,0.024986	1,0.975014	
0,0.006059	1,0.993941	
0,0.040732	1,0.959268	
0,0.023462	1,0.976538	
0,0.022240	1,0.977760	
0,0.017881	1,0.982119	
0,0.019289	1,0.980711	
0,0.081849	1,0.918151	
0,0.061661	1,0.938339	
0,0.049788	1,0.950212	
0,0.022579	1,0.977421	
0,0.024471	1,0.975529	
0,0.024139	1,0.975861	
0,0.021322	1,0.978678	
0,0.020510	1,0.979490	
0,0.057986	1,0.942014	
0,0.019595	1,0.980405	
0,0.019565	1,0.980435	
0,0.018826	1,0.981174	
0,0.018560	1,0.981440	
0,0.052443	1,0.947557	
0,0.038006	1,0.961994	
0,0.024581	1,0.975419	
0,0.022849	1,0.977151	
0,0.019018	1,0.980982	
0,0.017582	1,0.982418	
0,0.016744	1,0.983256	
0,0.013889	1,0.986111	
0,0.051301	1,0.948699	
0,0.036346	1,0.963654	
0,0.027909	1,0.972091	
0,0.023087	1,0.976913	
0,0.021623	1,0.978377	
0,0.017306	1,0.982694	
0,0.004925	1,0.995075	
