0.000000 
0.000000 
0.000000 
0.000000 
0.000000 
0.000000 
0.000000 
0.488840 0.000000 
0.417912 0.000000 
0.363725 0.000000 
0.318763 0.000000 
0.281275 0.000000 
0.250988 0.000000 
0.225882 0.000000 
0.205303 0.000000 
0.186322 0.000000 
0.170375 0.000000 
0.156876 0.000000 
0.145319 0.000000 
0.135294 0.000000 
0.126463 0.000000 
0.118647 0.000000 
0.083654 0.028085 
0.079011 0.026526 
0.059953 0.040021 
0.056949 0.038016 
0.054218 0.036193 
0.051732 0.034533 
0.049462 0.033018 
0.047363 0.031617 
0.045430 0.030326 
0.043629 0.029124 
0.041954 0.028006 
0.040400 0.026969 
0.038957 0.026005 
0.037601 0.025100 
0.036334 0.024254 
0.035143 0.023459 
0.034016 0.022707 
0.032957 0.022000 
0.031960 0.021334 
0.031003 0.020696 
0.030067 0.020071 
0.029181 0.019479 
0.028340 0.018918 
0.027532 0.018379 
0.026761 0.017864 
0.026032 0.017377 
0.025335 0.016912 
0.021203 0.019929 
0.012542 0.010354 
0.012225 0.010093 
0.011923 0.009843 
0.011635 0.009606 
0.011361 0.009379 
0.011095 0.009160 
0.010834 0.008945 
0.010577 0.008732 
0.010327 0.008526 
0.016221 0.015967 
0.015833 0.015584 
0.015458 0.015215 
0.015073 0.014837 
0.014700 0.014469 
0.015426 0.013029 
0.015943 0.011821 
0.015557 0.011535 
0.015170 0.011248 
0.014801 0.010974 
0.015085 0.010065 
0.014717 0.009820 
0.014363 0.009584 
0.014018 0.009353 
0.013686 0.009132 
0.013369 0.008921 
0.013060 0.008715 
0.012761 0.008515 
0.012463 0.008316 
0.012173 0.008123 
0.011896 0.007938 
0.011621 0.007754 
0.011354 0.007576 
0.011091 0.007401 
0.010838 0.007232 
0.010593 0.007068 
0.010355 0.006909 
0.010123 0.006755 
0.009899 0.006605 
0.009922 0.006202 
0.009690 0.006057 
